early stop at 63 epoch:
RMSE [8.805280733509523, 1.2259304085669773, 2.1766219867252934, 10.05247194951592, 2.4277023903137183, 674.4696692597001]
MAE [1.7408942706812864, 0.8345700265493885, 1.1488638884689941, 1.8589274808833682, 1.1120050332641647, 22.303082909431485]

k-fold:
mean [1.3429820875454614, 0.8553985060375024, 0.9422080920747808, 1.26764635865498, 0.9049956809452269, 21.242995182213853]
std  [0.08399308397710832, 0.07657898949472672, 0.09428930871309055, 0.11844039211591653, 0.05146671534125459, 0.6634519599855608]

FC test:
RMSE [0.00043396347875768475, 0.0005270230333033123, 0.00025168509252764703, 0.00018283658155790236]
MAE [0.015616867539737322, 0.017523993278552988, 0.01209732761335662, 0.010407219594651029]